121
249
248
248
250
250
234
250
218
210
208
212
214
86
84
212
214
215
211
83
91
91
89
91
219
217
219
217
89
345
281
273
17
145
177
179
179
51
19
147
19
23
151
23
151
135
134
132
128
129
131
130
146
147
145
17
19
51
35
3
35
291
289
293
357
356
357
485
501
245
117
116
244
116
372
500
372
374
502
498
502
498
502
502
498
370
374
374
370
368
369
371
499
243
227
483
451
459
395
399
415
407
415
479
463
495
239
255
239
238
494
462
494
494
238
234
490
362
354
290
298
290
306
314
298
290
291
419
291
295
295
295
359
487
483
419
163
171
187
155
153
25
29
25
9
25
9
8
0
0
0
256
256
256
257
261
257
385
393
397
269
13
269
265
257
289
289
291
355
99
355
359
103
359
103
119
103
39
167
166
182
183
439
439
423
295
263
261
293
289
291
35
43
35
34
34
162
34
290
418
422
294
302
300
268
332
364
366
334
366
494
366
367
383
319
287
415
415
415
159
158
158
154
152
24
8
40
104
120
88
24
25
9
9
1
9
9
1
5
133
135
131
131
3
19
147
403
401
405
277
273
257
265
297
313
305
49
51
179
183
151
150
151
135
143
141
133
197
133
165
421
429
301
303
431
495
463
495
494
238
494
462
334
326
358
374
374
375
311
279
407
439
439
439
423
422
420
422
390
134
134
135
391
407
439
439
435
403
402
434
418
419
423
487
503
503
501
485
421
417
289
288
289
297
41
9
1
33
32
96
100
96
224
240
244
252
220
212
220
156
158
222
222
158
159
191
191
255
191
255
511
510
506
506
507
506
510
478
470
466
467
211
147
146
150
146
147
155
159
143
175
174
166
38
38
46
302
298
42
10
266
282
283
315
299
427
425
429
301
301
365
364
356
324
356
292
293
295
294
310
278
286
270
271
303
367
495
495
495
431
447
445
509
505
473
473
505
441
409
411
411
395
411
403
387
395
267
266
267
283
27
31
15
11
3
1
9
25
29
28
30
31
159
155
411
283
287
31
287
415
415
159
151
159
143
399
143
139
203
75
79
207
205
201
200
72
8
264
256
0
2
2
34
38
34
38
6
22
30
62
46
42
46
38
54
118
102
118
246
254
190
186
178
176
178
179
163
171
169
185
