N_rows:	3
N_cols:	3
T:	0.226919
Steps	States	EI
100000	6	2.16618
200000	12	3.08598
300000	16	3.35543
400000	34	4.4121
500000	42	4.7549
600000	48	4.89112
700000	50	4.9194
800000	59	5.22103
900000	60	5.22679
1000000	64	5.28972
1100000	68	5.32294
1200000	71	5.37628
1300000	77	5.49242
1400000	81	5.52968
1500000	84	5.57286
1600000	87	5.6096
1700000	90	5.64805
1800000	93	5.69301
1900000	97	5.74161
2000000	108	5.824
2100000	115	5.91479
2200000	120	5.97337
2300000	125	5.98982
2400000	128	6.01852
2500000	130	6.02924
2600000	134	6.07676
2700000	136	6.08256
2800000	142	6.16364
2900000	143	6.18038
3000000	145	6.1937
3100000	148	6.23482
3200000	148	6.23263
3300000	149	6.23908
3400000	152	6.24914
3500000	152	6.24922
3600000	152	6.24383
3700000	160	6.3427
3800000	164	6.38224
3900000	170	6.4565
4000000	172	6.46982
4100000	176	6.49522
4200000	179	6.53085
4300000	195	6.6622
4400000	200	6.68946
4500000	209	6.73009
4600000	211	6.74337
4700000	212	6.74903
4800000	213	6.75174
4900000	213	6.75032
5000000	214	6.75276
5100000	215	6.7562
5200000	216	6.76248
5300000	222	6.79414
5400000	228	6.82859
5500000	230	6.84036
5600000	230	6.83762
5700000	230	6.83185
5800000	233	6.83703
5900000	236	6.86077
6000000	239	6.88036
6100000	240	6.87894
6200000	240	6.87728
6300000	244	6.89055
6400000	245	6.89086
6500000	245	6.89176
6600000	246	6.89115
6700000	246	6.89071
6800000	259	6.95763
6900000	263	6.97784
7000000	266	6.99176
7100000	268	7.00479
7200000	272	7.01589
7300000	272	7.01319
7400000	274	7.02264
7500000	275	7.02044
7600000	275	7.01544
7700000	275	7.01404
7800000	276	7.01947
7900000	276	7.02077
8000000	277	7.00872
8100000	280	7.02088
8200000	281	7.02209
8300000	284	7.03124
8400000	288	7.03345
8500000	288	7.03326
8600000	288	7.02796
8700000	288	7.02401
8800000	288	7.02425
8900000	289	7.01469
9000000	291	7.00632
9100000	291	7.00445
9200000	295	7.02602
9300000	296	7.02764
9400000	299	7.04317
9500000	302	7.05685
9600000	305	7.07411
9700000	307	7.07899
9800000	308	7.08097
9900000	309	7.07992
10000000	310	7.07818
10100000	310	7.07444
10200000	311	7.0768
10300000	311	7.07002
10400000	311	7.06913
10500000	317	7.10645
10600000	317	7.1062
10700000	325	7.14758
10800000	328	7.16293
10900000	328	7.16084
11000000	329	7.15953
11100000	330	7.16168
11200000	331	7.16133
11300000	336	7.17239
11400000	336	7.17266
11500000	336	7.17049
11600000	336	7.16029
11700000	337	7.16052
11800000	337	7.15231
11900000	338	7.15961
12000000	339	7.15587
12100000	339	7.14777
12200000	342	7.15565
12300000	342	7.15568
12400000	342	7.15199
12500000	344	7.16086
12600000	346	7.16686
12700000	349	7.17853
12800000	350	7.18104
12900000	350	7.17581
13000000	350	7.17337
13100000	350	7.17093
13200000	356	7.19635
13300000	356	7.19626
13400000	358	7.19593
13500000	358	7.19442
13600000	359	7.19622
13700000	361	7.20132
13800000	363	7.20555
13900000	363	7.20443
14000000	363	7.19703
14100000	363	7.19452
14200000	365	7.19824
14300000	366	7.19136
14400000	367	7.19246
14500000	371	7.21121
14600000	373	7.21725
14700000	373	7.21337
14800000	373	7.21026
14900000	374	7.20618
15000000	374	7.19943
15100000	374	7.19832
15200000	375	7.20014
15300000	375	7.19607
15400000	377	7.20381
15500000	377	7.2034
15600000	380	7.20829
15700000	380	7.20432
15800000	380	7.20168
15900000	381	7.19396
16000000	383	7.19867
16100000	384	7.20182
16200000	386	7.20093
16300000	386	7.19984
16400000	390	7.2182
16500000	391	7.21307
16600000	392	7.21544
16700000	392	7.21466
16800000	393	7.21838
16900000	393	7.21793
17000000	393	7.21684
17100000	393	7.21682
17200000	393	7.21488
17300000	394	7.21112
17400000	394	7.2099
17500000	394	7.21011
17600000	394	7.20983
17700000	394	7.20696
17800000	395	7.21161
17900000	395	7.20784
18000000	395	7.20143
18100000	396	7.20186
18200000	396	7.19296
18300000	397	7.19818
18400000	397	7.19036
18500000	397	7.19126
18600000	398	7.19186
18700000	400	7.19865
18800000	401	7.20049
18900000	401	7.20035
19000000	401	7.19741
19100000	401	7.18898
19200000	403	7.19671
19300000	403	7.18753
19400000	404	7.1904
19500000	404	7.19017
19600000	404	7.18965
19700000	404	7.18587
19800000	406	7.19337
19900000	406	7.19184
20000000	406	7.19253
20100000	408	7.1859
20200000	408	7.18039
20300000	408	7.18094
20400000	408	7.18108
20500000	408	7.17942
20600000	408	7.17939
20700000	408	7.17958
20800000	408	7.17573
20900000	409	7.17422
21000000	409	7.17209
21100000	409	7.15972
21200000	409	7.15954
21300000	411	7.16486
21400000	412	7.16828
21500000	412	7.16635
21600000	412	7.16569
21700000	412	7.1617
21800000	412	7.16172
21900000	412	7.15855
22000000	412	7.1588
22100000	414	7.16479
22200000	414	7.16355
22300000	414	7.1628
22400000	416	7.17325
22500000	416	7.17262
22600000	417	7.17086
22700000	417	7.16924
22800000	418	7.17142
22900000	418	7.16701
23000000	421	7.17418
23100000	423	7.1707
23200000	424	7.17434
23300000	424	7.17164
23400000	424	7.17197
23500000	425	7.17598
23600000	425	7.1742
23700000	426	7.17764
23800000	427	7.17574
23900000	427	7.17532
24000000	428	7.17895
24100000	430	7.18629
24200000	430	7.18664
24300000	431	7.19242
24400000	431	7.1904
24500000	432	7.19401
24600000	433	7.19631
24700000	434	7.20109
24800000	434	7.19784
24900000	434	7.19779
25000000	434	7.19738
25100000	434	7.19856
25200000	434	7.19843
25300000	435	7.20103
25400000	436	7.20189
25500000	436	7.19796
25600000	436	7.19312
25700000	436	7.18657
25800000	436	7.1839
25900000	436	7.18267
26000000	436	7.18257
26100000	437	7.18729
26200000	437	7.18489
26300000	439	7.19046
26400000	439	7.18757
26500000	439	7.18755
26600000	439	7.18457
26700000	439	7.18451
26800000	439	7.1816
26900000	440	7.18335
27000000	440	7.18166
27100000	441	7.18401
27200000	441	7.18233
27300000	441	7.17712
27400000	441	7.17578
27500000	442	7.17532
27600000	442	7.17486
27700000	443	7.17507
27800000	444	7.17975
27900000	445	7.18335
28000000	446	7.18836
28100000	446	7.18813
28200000	446	7.18629
28300000	446	7.18584
28400000	447	7.18478
28500000	447	7.18406
28600000	447	7.18405
28700000	448	7.19017
28800000	448	7.19001
28900000	449	7.19324
29000000	450	7.19948
29100000	450	7.19572
29200000	450	7.19613
29300000	450	7.19514
29400000	451	7.19794
29500000	452	7.20175
29600000	452	7.20131
29700000	452	7.20131
29800000	453	7.20528
29900000	453	7.20056
30000000	453	7.20054
30100000	453	7.20002
30200000	453	7.19812
30300000	453	7.19795
30400000	453	7.19817
30500000	453	7.19423
30600000	453	7.19421
30700000	453	7.19176
30800000	453	7.18348
30900000	453	7.18244
31000000	453	7.18203
31100000	453	7.18214
31200000	453	7.18104
31300000	453	7.17283
31400000	453	7.17048
31500000	453	7.16945
31600000	453	7.16877
31700000	453	7.16833
31800000	453	7.16839
31900000	453	7.16853
32000000	453	7.1659
32100000	453	7.16519
32200000	453	7.16511
32300000	453	7.16446
32400000	453	7.16451
32500000	453	7.16433
32600000	453	7.16638
32700000	453	7.1664
32800000	453	7.16643
32900000	453	7.1666
33000000	453	7.16566
33100000	453	7.16475
33200000	453	7.1653
33300000	454	7.16758
33400000	454	7.16784
33500000	454	7.16778
33600000	454	7.16787
33700000	454	7.16763
33800000	454	7.16761
33900000	455	7.17
34000000	458	7.18506
34100000	459	7.1879
34200000	459	7.1847
34300000	459	7.18468
34400000	459	7.18446
34500000	459	7.18435
34600000	459	7.18095
34700000	459	7.17934
34800000	459	7.1788
34900000	459	7.17812
35000000	459	7.17828
35100000	459	7.17835
35200000	459	7.17939
35300000	459	7.17824
35400000	459	7.17212
35500000	459	7.17116
35600000	461	7.18131
35700000	461	7.17972
35800000	461	7.17969
35900000	461	7.17975
36000000	461	7.17888
36100000	461	7.17806
36200000	461	7.17805
36300000	461	7.17731
36400000	461	7.17482
36500000	461	7.17479
36600000	461	7.17283
36700000	461	7.17252
36800000	461	7.17416
36900000	463	7.17924
37000000	463	7.17837
37100000	463	7.1785
37200000	463	7.17648
37300000	463	7.17496
37400000	464	7.17836
37500000	465	7.18225
37600000	465	7.18339
37700000	465	7.18169
37800000	465	7.18167
37900000	465	7.17844
38000000	465	7.1777
38100000	465	7.17769
38200000	465	7.17539
38300000	465	7.17406
38400000	465	7.17369
38500000	465	7.17289
38600000	465	7.17286
38700000	465	7.17276
38800000	465	7.16902
38900000	466	7.17155
39000000	466	7.17062
39100000	466	7.16956
39200000	466	7.16792
39300000	466	7.16793
39400000	466	7.16407
39500000	466	7.16321
39600000	466	7.16079
39700000	467	7.16001
39800000	467	7.1599
39900000	467	7.15993
40000000	467	7.16021
40100000	467	7.16021
40200000	467	7.16021
40300000	467	7.15947
40400000	467	7.1596
40500000	467	7.15939
40600000	470	7.16913
40700000	471	7.17279
40800000	471	7.17231
40900000	471	7.17228
41000000	471	7.17224
41100000	471	7.17201
41200000	471	7.1713
41300000	471	7.16958
41400000	471	7.16896
41500000	472	7.17033
41600000	472	7.16625
41700000	473	7.16913
41800000	473	7.16927
41900000	473	7.17011
42000000	474	7.16844
42100000	474	7.16823
42200000	475	7.17061
42300000	475	7.17071
42400000	475	7.16957
42500000	475	7.16931
42600000	475	7.16856
42700000	475	7.1666
42800000	475	7.16421
42900000	476	7.16916
43000000	476	7.16857
43100000	476	7.16543
43200000	476	7.16328
43300000	477	7.16508
43400000	477	7.16471
43500000	477	7.16156
43600000	477	7.16149
43700000	477	7.16133
